key           shp110 a0 (cspfree0) shp110 a1 (cspfree1) shp111 a0 (daslot0+guards) shp111 a1 (daslot1)   s111a0 - s110a1 (2SE, block-level, ignores run effects)
dt_us             31220.2     30975.3     31573.2     31342.6       597.9 (171.7)
cpu_net_us        30327.3     30188.7     30647.0     30412.5       458.2 (167.3)
cpu_gpu_us        30348.5     30210.5     30690.4     30457.1       480.0 (167.2)
gpu_busy_us       12505.5     12546.3     12911.9     12934.2       365.5 (45.8)
draws              5048.7      5050.0      5053.6      5051.9         3.6 (29.2)
da_walk_us         2386.5      2343.7      2562.3      2400.2       218.6 (18.5)
da_queue_us        1090.6      1103.3      1341.5      1195.5       238.2 (9.9)
da_take_us         2874.9      2869.1      2871.2      2879.8         2.1 (27.2)
da_hit             8414.2      8414.1      8428.5      8418.1        14.4 (57.9)
da_miss             295.8       298.1       291.7       293.1        -6.5 (6.0)
da_late               5.5         5.5         5.5        10.8         0.0 (0.2)
semwait_us        27032.3     26952.0     27273.1     27112.3       321.1 (124.8)
kpx_per_att        2000.4      2000.0      2001.7      2001.3         1.7 (0.9)
vbl1                  0.1         0.1         0.1         0.1        -0.0 (0.0)
vbl3p                 0.0         0.0         0.0         0.0         0.0 (0.0)
sync_up_kb        23608.9     23831.2     22820.3     22981.3     -1011.0 (122.7)
fault_us          14329.4     14744.1     14605.6     14761.2      -138.5 (199.0)
da_wlag_us        73093.1     72428.5     74192.1     73804.0      1763.6 (547.6)
cspfree_hit           0.0       266.0       266.0       266.0         0.0 (0.0)
