key                   fam108/0        fam108/1        frm109/0        frm109/1        shp110/0        shp110/1        shp111/0        shp111/1        net112/0        net112/1
label                 cspfam 0        cspfam 4       cspfree 0       cspfree 1       cspfree 0       cspfree 1 daslot 0 (guard        daslot 1        daslot 1 daslot 0 guard 
dt_us                31240.537       31101.983       31246.134       31082.400       31220.166       30975.319       31573.248       31342.595       30893.954       31137.052
cpu_net_us           30325.940       30402.230       30192.367       30141.501       30327.256       30188.747       30646.974       30412.498       30031.617       30272.292
gpu_busy_us          12597.619       12714.552       12519.274       12588.109       12505.528       12546.340       12911.870       12934.235       12919.495       12896.994
draws                 5049.816        5051.935        5049.096        5052.869        5048.656        5050.041        5053.622        5051.874        5049.207        5048.630
da_walk_us            2385.273        2169.161        2392.671        2355.543        2386.541        2343.680        2562.292        2400.168        2453.999        2503.079
da_queue_us           1090.311        1119.635        1090.627        1105.188        1090.622        1103.320        1341.524        1195.524        1227.293        1280.013
da_qcall              1083.961        1083.708        1083.536        1083.808        1083.459        1083.673        1083.960        1084.108        1083.673        1083.663
q_per_call               1.006           1.033           1.007           1.020           1.007           1.018           1.238           1.103           1.133           1.181
da_take_us            2876.424        2885.275        2806.430        2812.364        2874.896        2869.101        2871.228        2879.835        2744.408        2751.382
da_hit                8416.904        8421.436        8412.877        8420.869        8414.212        8414.140        8428.545        8418.118        8407.836        8414.963
da_miss                295.129         295.171         298.469         297.145         295.783         298.135         291.654         293.063         297.601         294.587
da_late                  5.442           5.342           5.291           5.380           5.450           5.488           5.513          10.848          11.215           5.873
da_busy                 67.684          67.730          67.504          67.313          67.615          67.513          67.510          67.138          66.702          67.311
da_q                  7931.848        7929.214        7927.421        7930.009        7926.517        7928.717        7932.756        7935.010        7929.977        7929.582
da_nohint              600.267         599.795         599.854         600.732         600.413         600.701         598.141         598.232         599.935         600.322
da_work_us           25809.939       25514.941       25625.176       25514.166       25846.742       25643.682       25860.191       25850.533       25464.211       25502.056
srt_miss              1511.611        1498.268        1511.266        1504.486        1505.358        1505.846        1523.789        1521.385        1514.450        1507.142
bda_scan                52.809          55.846        1227.725        1234.952          53.512          55.287        1441.521        1438.721          55.217          55.448
kpx_per_att           2000.128        1999.837        2000.520        2000.248        2000.423        2000.010        2001.680        2001.319        1999.997        2000.268
vbl1                     0.132           0.138           0.131           0.141           0.133           0.146           0.113           0.126           0.149           0.135
semwait_us           27061.471       27112.173       26954.818       26898.463       27032.261       26951.989       27273.053       27112.348       26878.590       27052.564
cpu_record_us        29050.119       28953.258       28977.442       28803.262       29028.296       28775.965       29280.127       29001.897       28600.437       28894.613
da_wlag_us           73166.061       72153.054       73411.421       72914.947       73093.142       72428.532       74192.085       73804.000       72896.027       73293.182
pmemo_hit             6679.407        6683.716        6678.499        6684.137        6678.703        6680.355        6687.257        6683.748        6678.905        6677.654
faults                1247.518        1255.856        1248.171        1249.193        1257.226        1258.374        1248.479        1242.836        1256.644        1261.005
da_unused              152.833         152.069         155.142         154.381         153.356         154.893         150.009         152.940         155.341         152.695
da_hint_defer              nan             nan             nan             nan             nan             nan           1.000           1.047           1.042           1.126
