
 bf99e
balanced quarter [(4, 47, [5094.23041, 5021.89969, -1.419856]), (48, 91, [5066.21003, 5039.18652, -0.533407]), (92, 135, [5086.04075, 5055.48433, -0.60079]), (136, 179, [5069.01567, 5054.55643, -0.285248])]
byidx bands [(15, [5023.41591, 5057.71136, 0.682712]), (20, [5070.11591, 5027.77273, -0.835152]), (25, [5007.23409, 5065.71136, 1.167856]), (30, [5063.67727, 5047.96364, -0.310321]), (35, [5009.63864, 5020.65909, 0.219985]), (40, [5061.12273, 5066.13182, 0.098972]), (45, [5056.59545, 5025.29091, -0.619083]), (50, [4972.95, 5039.22045, 1.332619]), (55, [4927.01364, 5083.15455, 3.169078]), (60, [4983.30455, 5034.37727, 1.024877]), (65, [4974.35682, 5039.58636, 1.311316]), (70, [5161.46364, 5045.89318, -2.239102]), (75, [5221.26136, 5054.55682, -3.192802]), (80, [5042.68182, 5048.36364, 0.112675]), (85, [5083.61591, 5029.88864, -1.056871])]
modn {2: [[5060.09334, 5030.68344, -0.581213], [5096.40303, 5054.07348, -0.830577]], 3: [[5082.23485, 5022.94318, -1.166646], [5107.12386, 5072.52955, -0.677374], [5047.6, 5030.88864, -0.331075]], 4: [[5174.90747, 5023.99351, -2.916264], [5136.11667, 5070.87424, -1.270268], [4945.27922, 5037.37338, 1.862264], [5056.68939, 5037.27273, -0.38398]], 5: [[5067.17727, 5029.62727, -0.741044], [5010.13258, 5024.95644, 0.295878], [4960.63258, 5053.52652, 1.872623], [5188.60795, 5054.53409, -2.584005], [5165.87121, 5049.07197, -2.260979]], 6: [[5038.34943, 5002.12216, -0.719031], [5144.20455, 5085.71364, -1.137025], [5067.53864, 5024.87045, -0.84199], [5117.34318, 5039.6, -1.51921], [5070.04318, 5059.34545, -0.210999], [5027.66136, 5036.90682, 0.183892]]}
tailcounts U,A [(1000, [57, 0]), (2000, [84, 0]), (3000, [122, 0]), (4000, [261, 92]), (4500, [406, 101]), (5500, [2060, 2406]), (6000, [2331, 2431]), (7000, [2411, 2552])]
low examples [(2503, 7, 72, 2946, 33585, 2, 500399), (2584, 8, 63, 2787, 32691, 2, 508490), (2873, 11, 82, 2954, 32397, 2, 537745), (3682, 20, 81, 1, 2076, 0, 619107), (3683, 20, 82, 740, 14351, 1, 619196), (3935, 23, 64, 2426, 50223, 2, 644678), (4025, 24, 64, 1, 2497, 0, 653648), (4026, 24, 65, 426, 8037, 1, 653673), (4302, 27, 71, 2660, 50585, 2, 681543), (4314, 27, 83, 1337, 50375, 1, 682754), (4384, 28, 63, 1554, 51173, 2, 689812), (4386, 28, 65, 1, 4100, 0, 689939), (4387, 28, 66, 922, 15511, 1, 690029), (4742, 32, 61, 1, 2796, 0, 725631), (4743, 32, 62, 372, 7773, 1, 725651), (5845, 44, 84, 2881, 31597, 2, 836574), (6111, 47, 80, 2340, 33306, 2, 863254), (6456, 51, 65, 2307, 50731, 2, 898021), (6542, 52, 61, 1, 1311, 0, 906620), (6543, 52, 62, 1020, 14546, 1, 906753), (6562, 52, 81, 1075, 13674, 1, 908715), (6565, 52, 84, 1, 2650, 0, 908905), (6566, 52, 85, 368, 8814, 1, 908930), (7189, 59, 78, 1929, 50646, 2, 971647), (7269, 60, 68, 1, 3088, 0, 979539), (7270, 60, 69, 182, 7262, 1, 979559), (7540, 63, 69, 1144, 50889, 1, 1006911), (7634, 64, 73, 1, 1273, 0, 1016258), (7637, 64, 76, 0, 5865, 1, 1016458), (7919, 67, 88, 2617, 49544, 2, 1045038)]
record totals [('rec_n', 0), ('cpu_record_us', 0), ('rec_work_us', 0)]
by10idx U draw,dt,fbp [(50, 5198.522727272727), (51, 4859.306818181818), (52, 4989.568181818182), (53, 4843.318181818182), (54, 4974.034090909091), (55, 5184.625), (56, 5173.022727272727), (57, 4177.318181818182), (58, 4790.534090909091), (59, 5309.568181818182), (60, 5222.295454545455), (61, 4358.875), (62, 5083.681818181818), (63, 5356.840909090909), (64, 4894.829545454545)]

 eng99a4
balanced quarter [(4, 11, [4909.82759, 4925.25, 0.314113]), (12, 23, [5074.10345, 5048.82184, -0.498248]), (24, 35, [5146.53448, 5164.6954, 0.352877]), (36, 47, [4974.56897, 4967.04023, -0.151344])]
byidx bands [(15, [4986.27273, 5031.94545, 0.915969]), (20, [5031.22727, 5069.53636, 0.761426]), (25, [5110.50909, 4966.83636, -2.811319]), (30, [5010.21818, 5030.04545, 0.395737]), (35, [4997.3, 5036.27273, 0.779876]), (40, [4974.04545, 5076.67273, 2.063256]), (45, [5072.47273, 5052.80909, -0.387654]), (50, [5007.03636, 4992.87273, -0.282875]), (55, [4982.27273, 5014.52727, 0.647386]), (60, [5134.63636, 5069.5, -1.268568]), (65, [5000.61818, 5025.9, 0.505574]), (70, [5069.17273, 5004.9, -1.267914]), (75, [4994.00909, 5034.56364, 0.812064]), (80, [4959.57273, 5025.4, 1.327277]), (85, [5070.8, 5034.63636, -0.713174])]
modn {2: [[5048.57143, 5030.82792, -0.351456], [5025.89697, 5040.15455, 0.283682]], 3: [[5035.68687, 5045.58081, 0.196476], [5012.71818, 5001.0, -0.233769], [5062.00909, 5061.36818, -0.012661]], 4: [[5057.28571, 5044.83766, -0.246141], [5048.24848, 5003.64848, -0.883475], [5039.85714, 5016.81818, -0.457135], [5003.54545, 5076.66061, 1.461267]], 5: [[4971.63636, 5022.37273, 1.020516], [5058.60606, 5018.76515, -0.787587], [5031.05303, 5071.07576, 0.795514], [5094.90909, 4970.15909, -2.448523], [5017.14394, 5093.67424, 1.525376]], 6: [[5037.19318, 5036.52273, -0.01331], [5023.44545, 4974.14545, -0.981398], [5104.25455, 5029.24545, -1.469541], [5034.48182, 5052.82727, 0.364396], [5001.99091, 5027.85455, 0.517067], [5019.76364, 5093.49091, 1.46874]]}
tailcounts U,A [(1000, [0, 0]), (2000, [1, 0]), (3000, [20, 0]), (4000, [49, 28]), (4500, [87, 28]), (5500, [543, 624]), (6000, [626, 624]), (7000, [632, 638])]
low examples [(2223, 4, 62, 2943, 33339, 2, 512079), (2237, 4, 76, 2997, 32962, 2, 513770), (2499, 7, 68, 2825, 50042, 2, 543786), (2514, 7, 83, 1871, 33060, 2, 545288), (2863, 11, 72, 2855, 33188, 2, 581420), (2877, 11, 86, 2973, 33321, 2, 582902), (3232, 15, 81, 2783, 32906, 2, 620569), (3584, 19, 73, 2361, 33344, 2, 663684), (3682, 20, 81, 2643, 49736, 2, 675877), (3943, 23, 72, 2174, 49987, 2, 707154), (4036, 24, 75, 2902, 50023, 2, 718625), (4402, 28, 81, 2354, 50119, 2, 762502), (4675, 31, 84, 2555, 33669, 1, 795355), (5015, 35, 64, 2855, 33012, 2, 836555), (5034, 35, 83, 2222, 33362, 2, 838888), (5117, 36, 76, 2208, 33728, 2, 848987), (5384, 39, 73, 2150, 32325, 2, 881953), (5485, 40, 84, 2898, 49819, 2, 894620), (5827, 44, 66, 2705, 33195, 2, 936849), (6110, 47, 79, 2972, 33248, 2, 970811)]
record totals [('rec_n', 0), ('cpu_record_us', 0), ('rec_work_us', 0)]
by10idx U draw,dt,fbp [(50, 4759.818181818182), (51, 5060.863636363636), (52, 5234.636363636364), (53, 5064.5), (54, 4915.363636363636), (55, 5218.272727272727), (56, 4887.181818181818), (57, 5224.727272727273), (58, 4734.590909090909), (59, 4846.590909090909), (60, 5203.772727272727), (61, 5216.090909090909), (62, 4944.136363636364), (63, 5422.772727272727), (64, 4886.409090909091)]
