rows 18926 blocks 187 quartets 46
field                           arm0 mean     d(1-0)       SE       t
dt_us                             32038.4     -265.9     59.5   -4.47
cpu_gpu_us                        31209.8     -462.0     61.1   -7.57
d.spin_gpu_us                        37.1       -3.6      1.3   -2.77
lat_us                            10761.7      -71.5    105.5   -0.68
gpu_busy_us                       12409.3      -13.3     20.6   -0.64
semwait_gpu_us                        0.0        0.0      0.0    0.00
fault_gpu_us                         97.1       18.3      3.6    5.13
x.prot_spin_gpu_us                  161.8      134.1     13.8    9.73
x.rec_spin_gpu_us                 25811.8      423.9     52.1    8.14
x.pb_wait_gpu_us                    107.5        4.1      4.7    0.86
d.as_lock_us                         84.1      -12.0      5.2   -2.30
d.da_take_us                       2452.0      414.7      7.5   55.31
d.da_walk_us                       1901.4      229.1      6.4   35.57
d.da_queue_us                       784.6       69.7      2.5   28.42
d.da_work_us                      26256.1     -243.7     64.7   -3.77
x.da_wlag_us                          0.0    74709.7    281.7  265.23
x.da_wjobs                            0.0        8.0      0.0 3239.14
draws                              5048.8       -2.3      7.4   -0.32
dispatches                          267.9        0.0      0.1    0.13
cpu_proc_us                      251809.6   -20954.4   6951.2   -3.01
cpu_main_us                        9103.0       52.5     24.0    2.19
cpu_present_us                     1076.1       -1.9      4.8   -0.38
d.cpu_record_us                   29304.2      231.0     58.2    3.97
--- top |t| among *_us / *_ns fields ---
x.da_wjobs                            0.0        8.0      0.0 3239.14
x.da_wskip                            0.0        8.0      0.0  880.77
x.da_wdepth                           0.0       17.5      0.0  552.90
x.da_wlag_us                          0.0    74709.7    281.7  265.23
s.release-mem-irq_n                  12.9       -3.8      0.0 -121.88
x.rec_sleep_gpu                       5.9       -3.5      0.0 -105.52
x.rec_sleep                           6.9       -3.5      0.0 -105.52
d.da_busy                            20.1       47.5      0.7   66.50
d.da_miss                            74.1      219.1      3.7   58.65
x.da_unused                           6.8      139.4      2.4   57.98
x.da_unused_ps                        0.7       13.0      0.2   56.25
d.da_take_us                       2452.0      414.7      7.5   55.31
gpu_n                                38.9       -2.8      0.1  -51.44
submits                              38.9       -2.8      0.1  -48.79
d.as_n                               37.9       -2.8      0.1  -48.79
d.da_late                             0.2        8.1      0.2   45.88
x.swmig_sub                           6.1       -1.0      0.0  -40.49
d.da_walk_us                       1901.4      229.1      6.4   35.57
s.release-mem-data1_n                 8.2        1.1      0.0   30.42
d.da_queue_us                       784.6       69.7      2.5   28.42
x.snap_cp_vec                      4011.0     -127.4      4.8  -26.68
x.snap_cp_b                      157737.4    -4867.6    182.5  -26.67
x.snap_keep_copy                    670.4      -21.2      0.8  -26.46
w.other_n                            27.4       -1.0      0.0  -24.73
semwaits                             27.4       -1.0      0.0  -24.68
x.snap_cp_same_vec                 3751.6     -107.3      4.4  -24.67
x.snap_cp_same_b                 141669.0    -3918.1    161.7  -24.24
d.da_probe                        25160.1      934.9     39.1   23.94
d.p_creads                         4178.0      441.1     19.5   22.63
x.snap_cp_eq                        573.9      -13.2      0.6  -21.13
d.as_us                             768.5      -48.8      2.4  -20.20
s.release-mem-irq_us                 24.1      -11.2      0.7  -15.05
x.pf_l1                            8642.8     -231.3     15.4  -14.98
x.da_direct                        8642.8     -231.3     15.5  -14.97
d.da_hit                           8643.0     -231.5     15.5  -14.95
r.+0x7d1901_us                       10.7       12.3      0.9   14.33
d.da_move                          7972.5     -210.3     15.0  -14.00
d.memo_hit                         8760.4      172.4     13.1   13.19
x.c1_ns_dt_kb                      3485.8     -645.8     55.8  -11.57
x.c1_ns_dt_cp_kb                   2889.9     -628.2     55.1  -11.39
p.+0x7a122d_us                       13.7        2.1      0.2   10.80
d.pop_us                             30.7        3.0      0.3   10.25
x.prot_spin_gpu_us                  161.8      134.1     13.8    9.73
x.rec_wake                           37.5      -13.2      1.4   -9.66
d.protw_pages                       329.1      -69.6      7.6   -9.21
d.img_up_kb                      103602.6    -2782.8    309.4   -8.99
x.prot_spin_us                      209.2      125.1     14.2    8.84
x.pb_sync_noprot                      5.6       -0.6      0.1   -8.82
d.rec_direct_us                     112.1      109.9     12.8    8.59
x.c3_st_up_kb                     42808.7     1220.1    144.0    8.47
d.protw_us                           98.6      -16.0      1.9   -8.43
x.clr_ok_kb                       20854.7      392.3     46.9    8.37
d.img_imp_kb                       2131.8     -464.8     55.9   -8.31
x.stg_in_ns                       51346.5    -3883.6    470.0   -8.26
x.c1_fz_ok_cp_kb                  96593.8    -1890.7    229.4   -8.24
x.c1_si_dt_cp_kb                  96595.8    -1890.7    229.4   -8.24
x.c1_fuse_kb                      99824.1    -1972.3    239.5   -8.24
x.c1_fz_ok_kb                     99824.1    -1972.3    239.5   -8.24
x.c1_si_dt_kb                     99952.1    -1972.3    239.5   -8.24
s.release-mem-data1_us                4.8        1.6      0.2    8.16
x.rec_spin_gpu_us                 25811.8      423.9     52.1    8.14
x.rec_spin_us                     26143.3      423.6     52.1    8.13
d.prot_rw_pages                    5861.6     -114.0     14.2   -8.01
d.prot_pages                      12057.9     -159.1     20.5   -7.74
submit_us                            92.7       -7.9      1.0   -7.65
cpu_gpu_us                        31209.8     -462.0     61.1   -7.57
x.clr_none_kb                      9716.8     -387.4     52.6   -7.36
r.+0x808f2c_us                        9.7       41.7      5.8    7.24
x.c1_si_nd_cp_kb                    163.9     -163.9     23.0   -7.13
x.c1_si_nd_kb                       163.9     -163.9     23.0   -7.13
x.c3_dt_up_kb                       349.7     -349.7     49.1   -7.13
r.+0x7ac16f_us                        3.6        9.4      1.3    7.07
x.c3_ct_pop_kb                    22150.1    -1222.1    174.2   -7.01
x.c3_ct_up_kb                     17542.1    -1222.1    174.2   -7.01
x.prot_spin_pages                  1048.3      -64.9      9.3   -6.99
x.tex_inval                        1263.9      -19.0      2.7   -6.93
x.fw_widened                      18892.5     -283.4     40.9   -6.92
x.fw_n                             1259.7      -18.9      2.7   -6.92
x.tex_hint_zero                    1257.7      -18.9      2.7   -6.92
faults                             1264.0      -19.0      2.7   -6.90
x.tex_inval_empty                  1262.4      -18.9      2.7   -6.88
r.+0x7fcc52_us                        0.4        1.2      0.2    6.78
r.+0x769131_us                       11.6       41.8      6.4    6.51
x.pb_inval_flush                   1334.4      -19.8      3.1   -6.31
d.prot_rw_us                       1863.8      -33.9      5.6   -6.06
x.pb_wait_range_us                 8822.7     -906.2    151.5   -5.98
d.img_pend_kb                       603.6     -136.9     24.1   -5.69
d.img_regions                        24.3       -0.9      0.2   -5.66
d.img_detile                         24.2       -0.8      0.1   -5.64
d.img_defer_kb                      515.7     -119.8     22.1   -5.42
d.prot_ro_pages                    5841.3      -44.4      8.3   -5.34
d.img_free_us                        55.7       -2.5      0.5   -5.29
x.ob_stream                       12768.3      432.8     82.4    5.25
r.+0x79d469_us                       11.3        1.1      0.2    5.19
d.prot_na_pages                     355.1       -0.7      0.1   -5.16
fault_gpu_us                         97.1       18.3      3.6    5.13
r.+0x7f021c_us                        0.2        0.8      0.2    4.93
d.prot_gpu_pages                   6523.5      -42.5      8.7   -4.87
d.bpage_hit                       32355.7      467.9     96.4    4.85
x.da_pf_cap_b                  11844445.7  -140849.5  29051.9   -4.85
x.pb_wait_us                       9734.6     -848.1    178.0   -4.76
x.da_pf_b                      12548562.7  -147148.7  31151.4   -4.72
x.pb_kb                           44038.6     -378.1     80.2   -4.71
p.+0x75ce6a_us                        3.4        0.6      0.1    4.61
x.da_fan                          16792.4     -110.4     24.1   -4.59
x.gclk_adv                     79901610.7  -604278.7 134534.9   -4.49
dt_us                             32038.4     -265.9     59.5   -4.47
x.pb2_vp_pages                     5333.5      -38.9      8.8   -4.43
d.da_done                          7976.0      -54.8     12.4   -4.42
x.ob_stream_kb                    18790.4      231.7     53.7    4.32
d.prot_calls                        539.5       -5.2      1.2   -4.20
x.pb_pages                        11052.0      -89.6     22.1   -4.05
x.pb_runs                           495.3       -4.8      1.2   -4.03
x.c3_pop_kb                       93340.5     -351.8     87.7   -4.01
x.sync_up_kb                      22625.0     -164.0     41.2   -3.98
x.sf_skip                         26324.8     -349.3     87.7   -3.98
x.sync_noop                       26324.8     -349.3     87.7   -3.98
d.cpu_record_us                   29304.2      231.0     58.2    3.97
x.stg_pool_b                   21839050.7  -161259.3  41233.4   -3.91
d.prot_gpu_us                      1652.8       54.6     14.1    3.88
